37 61 28 32
0 1 35
1 2 194
2 3 232
3 4 89
4 5 80
5 6 165
6 7 177
7 8 129
8 9 62
9 10 74
10 11 120
11 12 83
12 13 195
13 14 110
14 15 218
15 16 127
16 17 69
17 18 191
18 19 126
19 20 168
20 21 154
21 22 242
22 23 187
23 24 29
24 25 202
25 26 41
26 27 169
27 28 8
28 29 202
29 30 219
30 31 49
31 32 197
32 33 201
33 34 200
34 35 77
35 36 111
21 12 228
34 4 104
9 36 52
14 16 186
9 1 213
34 2 74
26 6 178
35 26 188
9 21 93
11 33 99
21 35 79
11 7 243
31 6 17
19 21 246
0 27 241
12 23 183
20 16 108
22 17 88
30 10 213
31 20 118
20 4 144
1 23 210
24 19 96
16 26 82
5 18 187
0 0 0 0
